current  = 11_2020/18_11_2020/18_11_2020_12_00_38
train_arg  = True
test_arg  = True
inputfile  = 
ind_test  = -1000
file  = datos/datos_26102020/datos_26102020_fig_1.xlsx
num_epochs  = 100
learning_rate  = 0.0009539191097038075
input_size  = 1
batch_size  = 7
hidden_size  = 9
num_layers  = 1
num_classes  = 1
bidirectional  = True
dropout  = 0.02898251967066
stateful  = False
n_avg  = 23
rw  = True
fut_pred  = 18
validate  = True
seq_length  = 9
train_size  = -18
